1000
2000
1 1
2 1
3 1
4 1
5 1
6 1
7 1
8 1
9 1
10 1
11 1
12 1
13 1
14 1
15 1
16 1
17 1
18 1
19 1
20 1
21 1
22 1
23 1
24 1
25 1
26 1
27 1
28 1
29 1
30 1
31 1
32 1
33 1
34 1
35 1
36 1
37 1
38 1
39 1
40 1
41 1
42 1
43 1
44 1
45 1
46 1
47 1
48 1
49 1
50 1
51 1
52 1
53 1
54 1
55 1
56 1
57 1
58 1
59 1
60 1
61 1
62 1
63 1
64 1
65 1
66 1
67 1
68 1
69 1
70 1
71 1
72 1
73 1
74 1
75 1
76 1
77 1
78 1
79 1
80 1
81 1
82 1
83 1
84 1
85 1
86 1
87 1
88 1
89 1
90 1
91 1
92 1
93 1
94 1
95 1
96 1
97 1
98 1
99 1
100 1
101 1
102 1
103 1
104 1
105 1
106 1
107 1
108 1
109 1
110 1
111 1
112 1
113 1
114 1
115 1
116 1
117 1
118 1
119 1
120 1
121 1
122 1
123 1
124 1
125 1
126 1
127 1
128 1
129 1
130 1
131 1
132 1
133 1
134 1
135 1
136 1
137 1
138 1
139 1
140 1
141 1
142 1
143 1
144 1
145 1
146 1
147 1
148 1
149 1
150 1
151 1
152 1
153 1
154 1
155 1
156 1
157 1
158 1
159 1
160 1
161 1
162 1
163 1
164 1
165 1
166 1
167 1
168 1
169 1
170 1
171 1
172 1
173 1
174 1
175 1
176 1
177 1
178 1
179 1
180 1
181 1
182 1
183 1
184 1
185 1
186 1
187 1
188 1
189 1
190 1
191 1
192 1
193 1
194 1
195 1
196 1
197 1
198 1
199 1
200 1
201 1
202 1
203 1
204 1
205 1
206 1
207 1
208 1
209 1
210 1
211 1
212 1
213 1
214 1
215 1
216 1
217 1
218 1
219 1
220 1
221 1
222 1
223 1
224 1
225 1
226 1
227 1
228 1
229 1
230 1
231 1
232 1
233 1
234 1
235 1
236 1
237 1
238 1
239 1
240 1
241 1
242 1
243 1
244 1
245 1
246 1
247 1
248 1
249 1
250 1
251 1
252 1
253 1
254 1
255 1
256 1
257 1
258 1
259 1
260 1
261 1
262 1
263 1
264 1
265 1
266 1
267 1
268 1
269 1
270 1
271 1
272 1
273 1
274 1
275 1
276 1
277 1
278 1
279 1
280 1
281 1
282 1
283 1
284 1
285 1
286 1
287 1
288 1
289 1
290 1
291 1
292 1
293 1
294 1
295 1
296 1
297 1
298 1
299 1
300 1
301 1
302 1
303 1
304 1
305 1
306 1
307 1
308 1
309 1
310 1
311 1
312 1
313 1
314 1
315 1
316 1
317 1
318 1
319 1
320 1
321 1
322 1
323 1
324 1
325 1
326 1
327 1
328 1
329 1
330 1
331 1
332 1
333 1
334 1
335 1
336 1
337 1
338 1
339 1
340 1
341 1
342 1
343 1
344 1
345 1
346 1
347 1
348 1
349 1
350 1
351 1
352 1
353 1
354 1
355 1
356 1
357 1
358 1
359 1
360 1
361 1
362 1
363 1
364 1
365 1
366 1
367 1
368 1
369 1
370 1
371 1
372 1
373 1
374 1
375 1
376 1
377 1
378 1
379 1
380 1
381 1
382 1
383 1
384 1
385 1
386 1
387 1
388 1
389 1
390 1
391 1
392 1
393 1
394 1
395 1
396 1
397 1
398 1
399 1
400 1
401 1
402 1
403 1
404 1
405 1
406 1
407 1
408 1
409 1
410 1
411 1
412 1
413 1
414 1
415 1
416 1
417 1
418 1
419 1
420 1
421 1
422 1
423 1
424 1
425 1
426 1
427 1
428 1
429 1
430 1
431 1
432 1
433 1
434 1
435 1
436 1
437 1
438 1
439 1
440 1
441 1
442 1
443 1
444 1
445 1
446 1
447 1
448 1
449 1
450 1
451 1
452 1
453 1
454 1
455 1
456 1
457 1
458 1
459 1
460 1
461 1
462 1
463 1
464 1
465 1
466 1
467 1
468 1
469 1
470 1
471 1
472 1
473 1
474 1
475 1
476 1
477 1
478 1
479 1
480 1
481 1
482 1
483 1
484 1
485 1
486 1
487 1
488 1
489 1
490 1
491 1
492 1
493 1
494 1
495 1
496 1
497 1
498 1
499 1
500 1
501 1
502 1
503 1
504 1
505 1
506 1
507 1
508 1
509 1
510 1
511 1
512 1
513 1
514 1
515 1
516 1
517 1
518 1
519 1
520 1
521 1
522 1
523 1
524 1
525 1
526 1
527 1
528 1
529 1
530 1
531 1
532 1
533 1
534 1
535 1
536 1
537 1
538 1
539 1
540 1
541 1
542 1
543 1
544 1
545 1
546 1
547 1
548 1
549 1
550 1
551 1
552 1
553 1
554 1
555 1
556 1
557 1
558 1
559 1
560 1
561 1
562 1
563 1
564 1
565 1
566 1
567 1
568 1
569 1
570 1
571 1
572 1
573 1
574 1
575 1
576 1
577 1
578 1
579 1
580 1
581 1
582 1
583 1
584 1
585 1
586 1
587 1
588 1
589 1
590 1
591 1
592 1
593 1
594 1
595 1
596 1
597 1
598 1
599 1
600 1
601 1
602 1
603 1
604 1
605 1
606 1
607 1
608 1
609 1
610 1
611 1
612 1
613 1
614 1
615 1
616 1
617 1
618 1
619 1
620 1
621 1
622 1
623 1
624 1
625 1
626 1
627 1
628 1
629 1
630 1
631 1
632 1
633 1
634 1
635 1
636 1
637 1
638 1
639 1
640 1
641 1
642 1
643 1
644 1
645 1
646 1
647 1
648 1
649 1
650 1
651 1
652 1
653 1
654 1
655 1
656 1
657 1
658 1
659 1
660 1
661 1
662 1
663 1
664 1
665 1
666 1
667 1
668 1
669 1
670 1
671 1
672 1
673 1
674 1
675 1
676 1
677 1
678 1
679 1
680 1
681 1
682 1
683 1
684 1
685 1
686 1
687 1
688 1
689 1
690 1
691 1
692 1
693 1
694 1
695 1
696 1
697 1
698 1
699 1
700 1
701 1
702 1
703 1
704 1
705 1
706 1
707 1
708 1
709 1
710 1
711 1
712 1
713 1
714 1
715 1
716 1
717 1
718 1
719 1
720 1
721 1
722 1
723 1
724 1
725 1
726 1
727 1
728 1
729 1
730 1
731 1
732 1
733 1
734 1
735 1
736 1
737 1
738 1
739 1
740 1
741 1
742 1
743 1
744 1
745 1
746 1
747 1
748 1
749 1
750 1
751 1
752 1
753 1
754 1
755 1
756 1
757 1
758 1
759 1
760 1
761 1
762 1
763 1
764 1
765 1
766 1
767 1
768 1
769 1
770 1
771 1
772 1
773 1
774 1
775 1
776 1
777 1
778 1
779 1
780 1
781 1
782 1
783 1
784 1
785 1
786 1
787 1
788 1
789 1
790 1
791 1
792 1
793 1
794 1
795 1
796 1
797 1
798 1
799 1
800 1
801 1
802 1
803 1
804 1
805 1
806 1
807 1
808 1
809 1
810 1
811 1
812 1
813 1
814 1
815 1
816 1
817 1
818 1
819 1
820 1
821 1
822 1
823 1
824 1
825 1
826 1
827 1
828 1
829 1
830 1
831 1
832 1
833 1
834 1
835 1
836 1
837 1
838 1
839 1
840 1
841 1
842 1
843 1
844 1
845 1
846 1
847 1
848 1
849 1
850 1
851 1
852 1
853 1
854 1
855 1
856 1
857 1
858 1
859 1
860 1
861 1
862 1
863 1
864 1
865 1
866 1
867 1
868 1
869 1
870 1
871 1
872 1
873 1
874 1
875 1
876 1
877 1
878 1
879 1
880 1
881 1
882 1
883 1
884 1
885 1
886 1
887 1
888 1
889 1
890 1
891 1
892 1
893 1
894 1
895 1
896 1
897 1
898 1
899 1
900 1
901 1
902 1
903 1
904 1
905 1
906 1
907 1
908 1
909 1
910 1
911 1
912 1
913 1
914 1
915 1
916 1
917 1
918 1
919 1
920 1
921 1
922 1
923 1
924 1
925 1
926 1
927 1
928 1
929 1
930 1
931 1
932 1
933 1
934 1
935 1
936 1
937 1
938 1
939 1
940 1
941 1
942 1
943 1
944 1
945 1
946 1
947 1
948 1
949 1
950 1
951 1
952 1
953 1
954 1
955 1
956 1
957 1
958 1
959 1
960 1
961 1
962 1
963 1
964 1
965 1
966 1
967 1
968 1
969 1
970 1
971 1
972 1
973 1
974 1
975 1
976 1
977 1
978 1
979 1
980 1
981 1
982 1
983 1
984 1
985 1
986 1
987 1
988 1
989 1
990 1
991 1
992 1
993 1
994 1
995 1
996 1
997 1
998 1
999 1
1000 1
1 2 615 60
2 2 83 18
3 2 238 99
4 2 33 95
5 3 911 47
6 3 245 47
7 3 720 35
8 5 844 84
9 5 821 42
10 6 207 32
11 6 88 23
12 7 118 68
13 7 814 78
14 7 777 89
15 8 986 39
16 8 629 40
17 9 751 14
18 10 996 39
19 11 51 12
20 12 236 84
21 12 967 56
22 12 814 35
23 12 34 39
24 13 164 76
25 13 295 28
26 14 367 16
27 15 674 34
28 17 677 19
29 17 210 42
30 17 716 83
31 17 89 15
32 18 474 93
33 18 368 37
34 18 438 73
35 19 853 21
36 19 95 5
37 19 457 81
38 20 358 3
39 20 243 77
40 21 849 90
41 21 888 30
42 21 758 53
43 21 497 3
44 22 27 61
45 22 911 99
46 22 931 74
47 23 8 55
48 24 486 6
49 25 805 25
50 26 491 68
51 26 324 86
52 26 941 91
53 26 25 57
54 26 788 1
55 27 977 76
56 27 39 19
57 27 274 61
58 28 718 39
59 28 75 25
60 30 549 76
61 31 478 97
62 32 139 94
63 32 345 13
64 33 644 7
65 34 957 44
66 35 529 84
67 36 668 43
68 38 534 12
69 39 488 84
70 39 77 61
71 39 523 94
72 40 249 88
73 40 794 52
74 40 751 28
75 40 752 73
76 40 173 80
77 40 518 70
78 41 27 89
79 41 993 30
80 42 785 42
81 43 563 90
82 43 743 55
83 44 751 13
84 44 239 83
85 45 261 42
86 45 958 93
87 45 539 44
88 46 91 69
89 46 95 80
90 47 223 35
91 47 748 74
92 47 998 43
93 47 117 66
94 48 331 51
95 48 80 70
96 49 357 97
97 51 209 21
98 51 85 80
99 51 657 17
100 51 299 11
101 51 778 2
102 52 655 92
103 52 900 41
104 53 510 54
105 53 929 75
106 54 61 15
107 54 380 83
108 55 787 21
109 55 920 66
110 56 31 99
111 56 323 29
112 57 742 92
113 57 493 33
114 58 194 13
115 58 71 6
116 58 238 19
117 58 508 20
118 59 516 66
119 59 708 75
120 59 313 82
121 59 671 63
122 60 459 71
123 62 574 10
124 63 189 47
125 63 793 82
126 63 265 21
127 64 341 68
128 64 945 19
129 64 827 33
130 64 595 42
131 65 317 46
132 65 300 32
133 66 203 35
134 66 347 17
135 67 859 95
136 67 229 99
137 67 296 90
138 68 65 43
139 69 139 16
140 69 783 31
141 70 487 50
142 70 448 61
143 70 770 59
144 72 543 30
145 73 85 21
146 74 307 34
147 74 697 61
148 76 379 90
149 76 522 95
150 76 829 69
151 76 300 62
152 76 344 76
153 76 693 77
154 77 540 21
155 77 203 11
156 77 22 64
157 77 395 36
158 77 723 32
159 80 245 99
160 81 666 44
161 81 84 86
162 82 567 98
163 82 679 48
164 82 479 21
165 82 750 14
166 83 63 70
167 83 568 85
168 84 935 15
169 86 353 13
170 87 34 3
171 88 888 33
172 89 789 52
173 90 405 10
174 90 914 90
175 91 898 22
176 91 915 81
177 91 496 63
178 91 615 84
179 92 309 7
180 92 172 29
181 93 981 19
182 94 66 79
183 94 375 23
184 95 615 78
185 96 372 59
186 96 402 27
187 96 451 75
188 97 330 38
189 98 680 87
190 99 544 67
191 99 163 18
192 100 528 90
193 100 524 95
194 100 353 62
195 101 519 89
196 101 186 11
197 101 361 0
198 101 172 36
199 102 711 3
200 103 166 69
201 103 472 31
202 103 275 49
203 104 407 0
204 104 222 66
205 105 519 52
206 105 483 10
207 106 132 99
208 106 67 78
209 106 49 93
210 106 38 6
211 107 130 46
212 107 384 55
213 108 645 52
214 110 383 86
215 110 747 20
216 111 502 9
217 112 592 18
218 113 910 10
219 113 913 1
220 113 122 6
221 114 742 95
222 114 707 86
223 114 178 23
224 114 806 52
225 114 251 6
226 114 290 76
227 115 188 74
228 115 244 20
229 115 752 60
230 116 408 62
231 117 706 33
232 117 103 91
233 117 837 68
234 117 474 17
235 119 187 68
236 119 264 11
237 120 758 94
238 120 763 22
239 122 680 49
240 123 418 49
241 124 941 55
242 124 432 93
243 124 925 71
244 125 448 60
245 125 395 39
246 125 925 80
247 125 924 55
248 126 349 35
249 126 57 57
250 127 487 6
251 128 253 33
252 128 297 9
253 129 972 85
254 129 490 52
255 130 602 39
256 131 729 6
257 131 426 6
258 131 512 76
259 132 67 87
260 132 590 51
261 134 677 60
262 136 76 20
263 137 429 89
264 138 189 83
265 138 323 94
266 138 359 63
267 139 625 89
268 139 596 12
269 139 592 15
270 141 948 6
271 141 925 38
272 142 104 13
273 142 18 52
274 142 26 74
275 142 325 53
276 144 485 21
277 145 118 12
278 146 633 70
279 146 216 68
280 146 974 4
281 146 209 82
282 147 769 8
283 148 285 15
284 148 126 86
285 148 891 31
286 149 950 2
287 150 560 57
288 150 21 19
289 151 789 62
290 151 95 19
291 151 890 56
292 154 21 15
293 154 243 49
294 154 752 24
295 155 875 22
296 156 421 77
297 157 266 78
298 157 811 39
299 157 89 9
300 158 545 52
301 160 705 52
302 161 528 15
303 162 823 24
304 163 822 82
305 163 585 29
306 163 180 96
307 163 914 29
308 163 452 77
309 163 588 95
310 163 492 41
311 164 350 22
312 164 940 8
313 164 89 42
314 164 349 87
315 166 319 17
316 166 438 18
317 166 535 26
318 167 519 57
319 168 607 98
320 168 225 15
321 169 469 54
322 169 994 50
323 169 416 7
324 169 877 27
325 169 143 57
326 169 89 22
327 170 605 11
328 170 468 47
329 170 939 70
330 170 378 80
331 170 685 90
332 171 270 84
333 172 349 80
334 173 727 61
335 173 556 27
336 173 106 81
337 173 940 45
338 173 201 22
339 174 719 50
340 175 469 88
341 176 115 54
342 176 647 38
343 177 961 11
344 177 83 13
345 177 180 86
346 178 461 24
347 178 362 57
348 179 710 68
349 179 16 91
350 179 248 83
351 180 17 82
352 180 673 90
353 181 745 76
354 181 786 5
355 181 730 57
356 182 500 11
357 182 679 9
358 182 120 78
359 183 794 95
360 184 596 69
361 184 451 30
362 184 350 86
363 185 711 95
364 185 892 94
365 185 712 88
366 186 361 0
367 186 285 82
368 186 790 96
369 186 70 22
370 186 434 21
371 187 440 92
372 187 898 66
373 188 802 61
374 188 787 8
375 189 527 68
376 189 737 33
377 189 561 80
378 190 909 36
379 190 210 92
380 191 261 0
381 191 794 73
382 192 926 78
383 192 203 63
384 192 3 33
385 193 651 47
386 193 138 72
387 193 724 53
388 194 555 12
389 194 339 19
390 196 740 63
391 196 383 70
392 196 875 42
393 197 832 56
394 197 825 52
395 197 274 2
396 198 845 61
397 198 304 14
398 199 990 16
399 200 541 64
400 201 472 64
401 202 555 91
402 202 456 54
403 202 1000 61
404 204 590 15
405 205 944 61
406 205 303 69
407 206 540 40
408 207 56 75
409 207 582 64
410 208 596 38
411 208 998 87
412 209 737 26
413 209 437 34
414 210 325 26
415 210 158 18
416 211 342 82
417 211 62 22
418 211 104 75
419 211 370 31
420 212 215 68
421 212 726 15
422 213 350 56
423 215 318 15
424 215 76 57
425 216 810 0
426 217 958 43
427 217 560 79
428 218 285 44
429 218 587 75
430 219 286 47
431 219 275 13
432 219 17 17
433 220 366 27
434 222 465 9
435 223 676 52
436 223 313 89
437 223 21 13
438 223 371 90
439 224 437 32
440 224 456 73
441 225 512 21
442 226 500 97
443 226 121 1
444 227 633 96
445 227 509 57
446 228 533 72
447 228 959 18
448 228 63 18
449 229 137 14
450 229 915 96
451 230 883 1
452 230 336 70
453 230 290 48
454 230 652 39
455 231 228 98
456 231 198 24
457 232 450 1
458 232 109 38
459 233 25 94
460 234 288 41
461 234 443 23
462 234 724 65
463 235 35 73
464 235 647 9
465 236 629 78
466 237 490 45
467 237 495 21
468 237 520 63
469 238 113 13
470 238 714 3
471 239 43 74
472 241 50 18
473 241 791 71
474 241 736 96
475 243 785 19
476 244 865 35
477 245 984 40
478 245 527 19
479 246 430 13
480 247 754 45
481 248 450 61
482 248 718 90
483 249 247 44
484 249 746 44
485 250 98 1
486 250 152 97
487 250 184 17
488 250 151 75
489 251 7 19
490 252 349 49
491 252 693 96
492 252 982 92
493 252 790 17
494 253 745 72
495 253 35 49
496 254 470 58
497 254 55 73
498 254 949 11
499 255 516 6
500 255 75 63
501 255 844 49
502 256 204 1
503 256 549 3
504 256 395 89
505 256 607 66
506 257 138 55
507 259 400 43
508 259 904 93
509 261 670 57
510 261 186 2
511 261 138 22
512 262 99 49
513 262 340 82
514 262 160 48
515 262 41 71
516 262 497 94
517 263 575 98
518 264 537 99
519 264 145 7
520 264 918 27
521 266 186 48
522 266 861 98
523 266 343 41
524 267 5 27
525 267 838 46
526 267 583 72
527 268 493 74
528 268 357 11
529 268 360 65
530 268 993 77
531 269 957 22
532 270 710 22
533 270 695 53
534 270 615 28
535 271 220 66
536 271 450 57
537 271 777 11
538 271 475 92
539 272 440 76
540 272 722 86
541 272 927 35
542 273 131 48
543 273 731 7
544 274 96 74
545 275 561 54
546 276 703 82
547 276 357 84
548 276 101 34
549 276 151 41
550 277 536 4
551 277 987 34
552 277 668 84
553 278 691 80
554 278 701 32
555 278 150 46
556 278 94 29
557 278 297 48
558 279 754 22
559 279 914 31
560 280 716 25
561 280 949 19
562 280 371 37
563 281 33 47
564 281 423 6
565 282 311 73
566 282 356 33
567 283 417 91
568 283 540 45
569 283 323 52
570 284 722 47
571 286 672 38
572 286 478 66
573 286 396 58
574 286 108 14
575 287 405 56
576 287 921 69
577 287 823 28
578 287 503 82
579 287 626 57
580 288 614 74
581 288 9 94
582 289 977 21
583 289 775 10
584 289 432 11
585 290 450 64
586 290 247 76
587 290 769 88
588 290 677 19
589 291 510 71
590 292 450 4
591 292 495 90
592 293 503 20
593 294 500 21
594 294 831 98
595 295 697 84
596 296 130 83
597 297 91 73
598 299 218 65
599 301 588 61
600 302 789 23
601 303 702 5
602 303 81 52
603 303 314 91
604 304 776 35
605 304 325 4
606 305 877 12
607 305 950 31
608 305 628 35
609 305 232 64
610 306 746 91
611 306 156 23
612 306 622 65
613 307 338 20
614 307 956 93
615 307 474 19
616 307 694 62
617 308 172 18
618 308 526 55
619 309 959 7
620 309 986 45
621 310 311 89
622 311 372 92
623 311 5 40
624 311 719 6
625 311 869 68
626 311 717 13
627 312 448 96
628 313 303 80
629 313 48 33
630 314 648 78
631 315 331 24
632 315 915 70
633 316 979 18
634 318 109 29
635 319 465 63
636 319 170 99
637 319 632 72
638 319 394 56
639 319 162 8
640 320 530 28
641 321 873 40
642 322 819 89
643 322 916 60
644 323 330 81
645 323 239 48
646 324 490 40
647 324 178 92
648 324 513 57
649 324 397 38
650 325 162 22
651 326 407 98
652 326 795 85
653 326 639 94
654 327 475 50
655 327 55 10
656 327 416 58
657 328 384 8
658 329 878 27
659 329 174 5
660 330 234 71
661 330 556 70
662 331 74 90
663 331 747 78
664 331 900 91
665 333 956 81
666 333 211 21
667 334 516 23
668 334 492 48
669 335 202 97
670 336 339 65
671 336 768 58
672 336 220 69
673 336 940 77
674 337 474 71
675 337 510 23
676 338 370 51
677 338 78 27
678 338 355 43
679 340 940 49
680 341 95 63
681 341 263 73
682 341 154 8
683 342 35 71
684 343 692 88
685 343 318 96
686 343 65 82
687 344 445 44
688 344 530 11
689 344 13 39
690 344 354 65
691 345 615 58
692 345 398 34
693 345 248 47
694 345 804 81
695 346 308 41
696 346 514 37
697 346 743 52
698 347 862 89
699 348 796 3
700 348 285 79
701 349 602 18
702 350 84 87
703 351 978 3
704 351 764 28
705 351 636 26
706 352 576 11
707 352 107 51
708 353 718 81
709 353 60 85
710 354 11 90
711 355 770 12
712 355 389 18
713 355 298 61
714 355 178 15
715 355 191 68
716 356 431 55
717 356 592 3
718 357 966 91
719 357 599 11
720 357 315 72
721 359 977 75
722 360 800 32
723 360 618 30
724 361 74 49
725 361 501 69
726 361 696 69
727 361 661 15
728 362 604 58
729 362 278 31
730 363 4 19
731 363 571 91
732 363 127 39
733 363 542 14
734 364 186 35
735 364 153 35
736 365 824 97
737 366 359 62
738 366 968 9
739 367 95 99
740 368 331 96
741 369 735 34
742 369 218 6
743 370 70 24
744 371 317 99
745 371 225 61
746 373 695 66
747 373 95 29
748 373 633 92
749 373 827 16
750 373 24 18
751 374 269 52
752 374 297 68
753 374 991 46
754 375 370 96
755 376 152 24
756 376 696 94
757 376 348 87
758 377 398 68
759 378 570 1
760 378 194 94
761 381 844 30
762 382 456 85
763 382 434 37
764 382 782 54
765 383 876 99
766 383 442 40
767 384 158 49
768 384 420 59
769 384 875 62
770 386 274 22
771 387 933 95
772 387 908 91
773 387 58 64
774 387 234 56
775 387 989 67
776 388 368 95
777 388 351 50
778 389 444 66
779 389 123 48
780 390 525 1
781 390 563 18
782 391 522 37
783 391 98 41
784 392 566 0
785 393 676 0
786 393 552 93
787 393 272 14
788 395 676 18
789 395 968 73
790 395 604 90
791 395 418 72
792 396 219 83
793 397 510 94
794 398 88 50
795 399 46 16
796 399 632 27
797 399 292 91
798 399 446 49
799 399 956 93
800 400 1 88
801 400 793 12
802 400 77 75
803 400 239 34
804 400 888 90
805 401 402 98
806 401 72 2
807 403 197 34
808 403 960 70
809 404 783 26
810 404 493 19
811 404 783 16
812 405 743 21
813 405 2 4
814 405 504 47
815 405 749 91
816 406 529 49
817 407 394 70
818 407 471 22
819 407 154 70
820 407 438 13
821 407 142 90
822 408 301 19
823 408 375 52
824 408 964 12
825 408 800 48
826 408 790 52
827 409 483 21
828 409 790 76
829 410 478 11
830 410 349 65
831 411 633 7
832 411 421 56
833 412 388 76
834 413 283 38
835 413 945 4
836 414 818 19
837 415 722 47
838 416 701 34
839 416 264 76
840 418 981 77
841 418 182 45
842 419 583 92
843 419 645 8
844 421 609 98
845 422 444 26
846 422 571 96
847 424 634 34
848 425 176 78
849 426 675 2
850 427 131 6
851 427 762 5
852 427 109 67
853 428 61 60
854 428 488 45
855 428 602 26
856 429 377 90
857 430 124 84
858 431 542 77
859 431 91 12
860 432 956 72
861 432 607 93
862 433 419 42
863 433 606 63
864 433 350 46
865 433 993 81
866 434 216 72
867 434 115 32
868 434 268 7
869 435 555 30
870 436 117 66
871 436 565 6
872 436 694 2
873 437 735 15
874 437 198 64
875 437 445 36
876 437 538 56
877 438 978 9
878 438 906 64
879 438 468 74
880 438 69 82
881 440 336 57
882 440 27 37
883 440 448 1
884 441 845 96
885 442 674 76
886 442 336 17
887 442 556 66
888 442 798 29
889 442 953 66
890 443 45 87
891 443 982 39
892 443 250 65
893 443 985 9
894 443 58 80
895 445 67 31
896 446 182 29
897 446 813 35
898 446 470 44
899 446 581 61
900 447 839 63
901 447 974 69
902 448 296 86
903 448 648 21
904 448 2 82
905 449 938 60
906 449 56 21
907 450 659 85
908 451 944 65
909 452 906 10
910 452 941 74
911 452 639 33
912 453 592 30
913 453 826 32
914 453 228 5
915 454 329 43
916 454 62 92
917 454 419 61
918 456 933 2
919 456 886 54
920 457 165 3
921 457 757 81
922 457 197 92
923 458 498 67
924 458 686 18
925 458 863 79
926 458 511 44
927 460 645 0
928 461 36 16
929 461 792 0
930 461 948 44
931 462 279 91
932 462 107 11
933 463 502 73
934 463 235 19
935 463 832 94
936 464 985 77
937 464 979 8
938 466 735 19
939 466 451 8
940 467 104 48
941 467 511 85
942 468 129 75
943 469 710 84
944 469 540 40
945 470 275 26
946 470 875 31
947 470 298 45
948 471 283 92
949 474 966 76
950 475 411 11
951 476 912 1
952 476 345 32
953 479 510 45
954 480 734 19
955 480 824 55
956 480 690 65
957 481 443 44
958 481 355 19
959 482 373 35
960 482 566 22
961 484 150 34
962 485 305 11
963 485 631 43
964 486 546 43
965 486 784 45
966 486 482 75
967 486 219 33
968 486 285 34
969 486 967 23
970 488 498 12
971 489 46 98
972 489 910 41
973 489 200 55
974 490 607 1
975 490 436 4
976 492 336 95
977 492 583 5
978 493 492 16
979 493 441 41
980 493 849 40
981 494 800 29
982 494 255 13
983 495 636 51
984 495 791 90
985 496 807 74
986 497 17 57
987 497 523 48
988 497 87 96
989 498 60 64
990 498 911 49
991 498 139 56
992 500 296 44
993 500 193 31
994 500 677 83
995 500 457 29
996 501 727 31
997 502 592 23
998 502 542 83
999 503 716 19
1000 504 798 89
1001 504 665 66
1002 504 358 59
1003 505 216 72
1004 506 363 26
1005 506 475 6
1006 507 262 14
1007 508 392 76
1008 509 537 46
1009 510 256 30
1010 510 313 26
1011 510 791 12
1012 510 569 29
1013 511 269 83
1014 511 419 43
1015 511 981 14
1016 512 831 96
1017 513 609 12
1018 514 861 30
1019 514 975 35
1020 514 935 76
1021 515 436 97
1022 515 194 72
1023 516 650 27
1024 516 969 70
1025 517 95 18
1026 517 330 73
1027 517 808 9
1028 517 267 99
1029 518 674 82
1030 518 107 29
1031 518 789 37
1032 519 659 83
1033 520 545 85
1034 520 790 38
1035 521 193 42
1036 521 880 21
1037 522 147 8
1038 522 731 82
1039 522 836 59
1040 522 927 4
1041 523 410 33
1042 524 206 99
1043 524 598 34
1044 525 334 56
1045 526 725 83
1046 526 324 47
1047 526 685 97
1048 527 860 15
1049 527 945 68
1050 527 855 2
1051 527 24 24
1052 527 754 19
1053 528 867 78
1054 529 199 10
1055 530 82 23
1056 531 893 79
1057 531 790 73
1058 531 142 40
1059 532 177 56
1060 533 580 99
1061 535 267 56
1062 536 119 56
1063 536 647 66
1064 536 88 47
1065 537 378 58
1066 537 671 69
1067 538 489 83
1068 538 892 12
1069 538 897 55
1070 538 761 59
1071 538 519 8
1072 539 281 94
1073 539 790 1
1074 539 17 15
1075 542 401 71
1076 543 596 34
1077 544 557 91
1078 544 538 6
1079 545 96 19
1080 545 172 30
1081 546 372 53
1082 547 579 69
1083 548 284 86
1084 548 218 95
1085 548 92 81
1086 548 313 52
1087 548 363 10
1088 549 410 58
1089 549 852 27
1090 550 810 24
1091 550 575 95
1092 551 784 11
1093 551 449 17
1094 551 81 6
1095 552 647 15
1096 554 677 21
1097 554 885 13
1098 555 305 23
1099 555 761 96
1100 556 467 53
1101 557 912 31
1102 558 41 37
1103 558 419 84
1104 559 281 67
1105 559 998 61
1106 559 296 21
1107 560 424 60
1108 560 305 42
1109 561 644 94
1110 563 195 96
1111 563 271 35
1112 564 843 30
1113 564 235 4
1114 565 22 95
1115 565 790 56
1116 565 809 9
1117 565 64 25
1118 565 169 1
1119 566 580 7
1120 566 434 22
1121 566 357 34
1122 566 919 26
1123 567 170 36
1124 568 572 87
1125 568 331 18
1126 568 192 64
1127 569 657 16
1128 571 869 38
1129 572 976 42
1130 572 296 73
1131 572 816 14
1132 572 219 53
1133 573 598 69
1134 573 723 59
1135 574 267 67
1136 574 516 56
1137 575 966 2
1138 575 472 27
1139 575 875 57
1140 576 506 57
1141 577 230 24
1142 577 876 97
1143 578 57 30
1144 578 579 67
1145 578 752 19
1146 579 492 27
1147 579 12 46
1148 579 619 64
1149 580 219 24
1150 580 430 14
1151 581 931 97
1152 582 455 44
1153 582 647 14
1154 582 895 58
1155 582 110 9
1156 582 381 48
1157 583 337 78
1158 584 221 73
1159 584 938 25
1160 584 254 41
1161 584 835 72
1162 584 499 63
1163 586 747 79
1164 586 149 30
1165 587 679 13
1166 587 381 74
1167 587 525 71
1168 587 190 77
1169 587 93 23
1170 588 329 28
1171 588 382 75
1172 589 950 93
1173 589 270 74
1174 589 43 92
1175 589 506 36
1176 590 398 12
1177 590 13 60
1178 590 43 23
1179 590 336 5
1180 590 618 76
1181 591 769 54
1182 591 286 36
1183 591 143 25
1184 592 590 83
1185 593 41 32
1186 594 835 67
1187 594 323 15
1188 595 513 23
1189 596 269 33
1190 596 531 12
1191 597 260 89
1192 599 54 94
1193 600 394 71
1194 603 283 67
1195 603 432 54
1196 603 77 41
1197 603 156 52
1198 603 359 22
1199 604 521 33
1200 604 408 39
1201 604 981 78
1202 605 495 6
1203 605 45 19
1204 606 864 30
1205 606 5 10
1206 606 28 91
1207 608 699 29
1208 608 325 17
1209 608 489 84
1210 609 431 20
1211 609 121 87
1212 610 581 78
1213 610 22 31
1214 611 599 4
1215 611 378 68
1216 611 353 7
1217 611 933 23
1218 611 450 84
1219 612 462 22
1220 612 266 65
1221 613 224 99
1222 613 268 2
1223 614 283 27
1224 614 11 27
1225 615 294 35
1226 615 219 26
1227 616 237 50
1228 617 650 97
1229 617 680 8
1230 617 804 68
1231 617 33 19
1232 619 186 41
1233 620 604 77
1234 621 660 8
1235 621 848 60
1236 621 279 87
1237 623 478 79
1238 624 178 28
1239 624 629 33
1240 625 826 94
1241 625 358 10
1242 625 23 24
1243 626 942 56
1244 626 166 79
1245 627 800 43
1246 627 43 82
1247 627 30 33
1248 628 302 26
1249 629 805 54
1250 629 780 13
1251 631 21 96
1252 631 574 88
1253 632 968 18
1254 632 434 20
1255 632 175 73
1256 633 402 89
1257 633 449 78
1258 634 998 41
1259 634 651 49
1260 634 625 77
1261 635 74 77
1262 635 677 37
1263 635 397 77
1264 636 654 84
1265 636 279 43
1266 637 107 26
1267 637 855 48
1268 637 14 84
1269 638 209 16
1270 639 605 55
1271 639 131 43
1272 639 772 40
1273 640 382 32
1274 640 768 29
1275 641 277 92
1276 642 157 12
1277 642 798 76
1278 643 104 87
1279 643 71 88
1280 644 354 0
1281 644 597 35
1282 645 611 81
1283 645 431 70
1284 645 910 76
1285 646 821 44
1286 647 504 54
1287 647 654 37
1288 648 167 28
1289 648 857 52
1290 649 511 28
1291 649 839 85
1292 649 849 35
1293 650 244 57
1294 650 167 30
1295 650 550 52
1296 651 140 41
1297 652 199 88
1298 652 495 95
1299 652 416 79
1300 653 688 36
1301 653 217 80
1302 655 173 82
1303 655 660 22
1304 656 602 21
1305 656 868 58
1306 657 814 59
1307 657 249 29
1308 657 156 70
1309 657 417 43
1310 657 24 86
1311 658 347 99
1312 658 434 62
1313 658 647 20
1314 658 339 96
1315 659 228 82
1316 660 657 25
1317 662 317 61
1318 662 422 76
1319 662 805 55
1320 662 848 92
1321 664 558 94
1322 664 306 38
1323 665 467 85
1324 666 929 9
1325 666 23 37
1326 666 159 99
1327 666 951 93
1328 666 664 58
1329 667 36 59
1330 667 981 64
1331 667 283 60
1332 668 446 65
1333 670 103 58
1334 670 405 10
1335 670 60 83
1336 671 498 81
1337 672 740 63
1338 672 5 49
1339 672 907 21
1340 673 629 22
1341 673 773 70
1342 673 871 14
1343 673 36 89
1344 673 444 44
1345 674 282 22
1346 674 417 28
1347 674 252 47
1348 674 857 41
1349 675 878 84
1350 676 372 41
1351 676 256 91
1352 676 636 89
1353 677 791 91
1354 677 938 9
1355 677 287 18
1356 677 581 36
1357 677 314 9
1358 678 111 92
1359 678 229 83
1360 678 152 46
1361 678 360 95
1362 679 73 72
1363 680 540 18
1364 680 771 6
1365 680 103 55
1366 681 580 34
1367 681 801 22
1368 683 429 69
1369 683 204 96
1370 683 977 94
1371 684 763 16
1372 686 562 10
1373 686 201 52
1374 686 815 9
1375 687 953 38
1376 687 106 76
1377 688 884 7
1378 688 831 13
1379 689 573 14
1380 689 751 71
1381 690 487 59
1382 690 698 67
1383 690 207 91
1384 691 486 3
1385 691 515 53
1386 693 923 45
1387 693 786 53
1388 694 616 11
1389 695 140 44
1390 696 730 29
1391 696 160 46
1392 696 459 13
1393 696 453 65
1394 696 489 76
1395 696 874 11
1396 697 639 38
1397 699 96 0
1398 699 918 14
1399 699 792 32
1400 699 158 84
1401 699 455 46
1402 699 215 18
1403 700 446 14
1404 700 267 21
1405 700 913 48
1406 700 307 33
1407 700 638 36
1408 700 124 84
1409 701 5 43
1410 701 262 44
1411 702 349 5
1412 703 385 63
1413 703 25 7
1414 703 44 51
1415 704 456 30
1416 704 65 94
1417 705 164 15
1418 705 882 46
1419 705 829 9
1420 706 606 60
1421 706 208 89
1422 707 860 74
1423 707 165 87
1424 707 175 13
1425 707 158 43
1426 708 519 34
1427 708 127 15
1428 708 300 20
1429 709 808 23
1430 709 407 72
1431 709 929 16
1432 711 226 48
1433 712 797 61
1434 713 382 58
1435 714 941 50
1436 714 140 32
1437 714 559 54
1438 715 780 51
1439 716 799 76
1440 717 22 17
1441 717 661 64
1442 717 584 30
1443 717 159 60
1444 718 365 53
1445 718 943 40
1446 719 993 35
1447 719 651 24
1448 720 450 51
1449 721 919 84
1450 722 610 37
1451 722 480 94
1452 722 908 8
1453 723 519 0
1454 723 148 35
1455 724 857 82
1456 725 336 27
1457 726 686 80
1458 727 485 62
1459 727 926 14
1460 727 562 67
1461 727 550 69
1462 728 478 26
1463 728 424 92
1464 729 687 77
1465 729 668 19
1466 730 124 29
1467 730 409 18
1468 730 283 47
1469 730 299 67
1470 731 599 47
1471 732 810 76
1472 732 502 89
1473 732 747 7
1474 733 480 43
1475 733 50 96
1476 734 204 38
1477 734 296 50
1478 734 932 63
1479 735 614 1
1480 736 950 67
1481 736 169 6
1482 737 731 81
1483 737 102 84
1484 738 175 79
1485 738 490 78
1486 738 988 79
1487 738 19 33
1488 738 568 75
1489 739 741 58
1490 739 289 42
1491 740 389 77
1492 740 347 6
1493 741 282 6
1494 741 375 78
1495 742 626 93
1496 744 278 59
1497 744 57 33
1498 746 539 0
1499 746 127 32
1500 747 485 72
1501 747 560 83
1502 747 367 93
1503 747 738 38
1504 748 970 56
1505 748 999 93
1506 749 999 3
1507 749 157 43
1508 749 914 86
1509 749 438 62
1510 750 333 60
1511 750 58 83
1512 750 832 85
1513 751 200 63
1514 752 692 72
1515 752 551 56
1516 752 307 53
1517 752 811 48
1518 753 575 12
1519 754 114 61
1520 754 463 94
1521 754 454 99
1522 754 914 60
1523 755 697 19
1524 755 221 89
1525 755 528 12
1526 755 146 21
1527 757 166 47
1528 758 461 40
1529 758 417 17
1530 758 277 11
1531 759 279 54
1532 760 807 75
1533 760 73 81
1534 762 619 51
1535 763 689 22
1536 763 454 86
1537 764 42 4
1538 765 310 38
1539 765 736 24
1540 765 858 10
1541 766 186 9
1542 767 979 97
1543 767 322 10
1544 767 962 30
1545 767 102 65
1546 767 262 56
1547 767 450 42
1548 768 816 6
1549 770 892 72
1550 770 265 74
1551 770 3 41
1552 770 192 99
1553 771 205 90
1554 772 875 89
1555 773 952 66
1556 774 457 63
1557 775 90 94
1558 775 458 60
1559 775 475 57
1560 776 279 73
1561 777 15 45
1562 777 259 9
1563 777 449 98
1564 779 601 42
1565 779 421 68
1566 779 629 67
1567 780 393 84
1568 780 915 92
1569 780 847 38
1570 780 540 9
1571 780 912 43
1572 780 151 77
1573 781 203 46
1574 781 190 14
1575 781 925 74
1576 781 224 28
1577 783 459 63
1578 783 915 42
1579 783 458 96
1580 784 561 68
1581 784 205 84
1582 785 455 72
1583 785 308 85
1584 786 368 90
1585 786 358 44
1586 786 459 23
1587 786 253 64
1588 787 101 0
1589 787 918 17
1590 788 371 13
1591 788 706 97
1592 789 917 92
1593 790 886 18
1594 790 323 56
1595 790 906 79
1596 790 736 79
1597 792 640 42
1598 793 194 88
1599 793 7 25
1600 793 265 90
1601 794 251 88
1602 795 60 23
1603 795 26 41
1604 796 481 11
1605 796 230 15
1606 797 140 91
1607 797 643 57
1608 797 191 44
1609 798 432 65
1610 798 458 75
1611 798 550 4
1612 799 829 85
1613 800 146 39
1614 800 946 84
1615 800 66 53
1616 801 18 25
1617 801 976 35
1618 802 834 56
1619 802 365 59
1620 802 102 29
1621 803 306 77
1622 803 235 7
1623 804 702 40
1624 804 402 92
1625 805 571 66
1626 805 180 97
1627 806 709 81
1628 806 927 43
1629 807 132 98
1630 807 996 93
1631 808 911 87
1632 808 213 99
1633 809 247 82
1634 809 354 17
1635 810 765 68
1636 810 150 23
1637 810 304 84
1638 811 972 38
1639 811 223 51
1640 812 823 40
1641 813 327 65
1642 813 997 51
1643 813 512 66
1644 814 637 84
1645 814 502 83
1646 814 276 96
1647 815 955 62
1648 817 699 85
1649 817 70 82
1650 818 631 83
1651 818 653 32
1652 819 887 82
1653 819 831 38
1654 819 614 46
1655 820 443 75
1656 820 467 55
1657 820 648 87
1658 821 264 17
1659 822 862 59
1660 822 364 24
1661 822 343 86
1662 824 838 3
1663 824 156 11
1664 824 214 28
1665 825 979 49
1666 826 801 59
1667 827 52 34
1668 827 540 25
1669 828 467 58
1670 828 739 57
1671 829 957 79
1672 829 501 17
1673 829 797 48
1674 829 755 66
1675 830 588 20
1676 831 720 19
1677 833 85 77
1678 833 84 3
1679 833 825 35
1680 834 184 6
1681 834 442 72
1682 834 593 54
1683 834 27 43
1684 834 718 32
1685 836 739 93
1686 837 623 65
1687 837 192 75
1688 838 217 50
1689 838 992 54
1690 838 485 79
1691 840 952 50
1692 840 699 16
1693 840 164 48
1694 840 521 12
1695 841 999 57
1696 842 580 23
1697 843 829 76
1698 844 58 96
1699 844 714 62
1700 844 285 57
1701 847 720 73
1702 847 830 87
1703 849 29 13
1704 849 850 54
1705 850 907 65
1706 850 180 78
1707 850 346 27
1708 851 157 48
1709 851 81 86
1710 851 74 17
1711 852 876 32
1712 852 237 94
1713 853 783 63
1714 853 277 5
1715 853 155 29
1716 854 945 34
1717 854 417 56
1718 854 363 49
1719 855 973 26
1720 855 197 21
1721 858 247 52
1722 859 518 70
1723 859 774 50
1724 860 387 69
1725 860 677 43
1726 860 838 33
1727 862 725 4
1728 862 520 70
1729 863 830 22
1730 864 173 66
1731 864 280 58
1732 864 402 64
1733 867 201 48
1734 867 1 6
1735 870 564 49
1736 871 973 79
1737 871 329 43
1738 872 321 60
1739 872 223 24
1740 872 487 35
1741 872 881 69
1742 873 336 74
1743 874 381 79
1744 876 248 11
1745 876 77 24
1746 876 433 77
1747 877 956 42
1748 878 441 35
1749 878 262 89
1750 879 878 1
1751 880 626 40
1752 881 600 99
1753 882 491 73
1754 882 861 36
1755 882 956 83
1756 882 656 54
1757 882 711 96
1758 883 866 30
1759 884 372 52
1760 885 894 58
1761 885 912 12
1762 885 748 51
1763 885 541 53
1764 887 47 42
1765 888 684 6
1766 889 397 22
1767 891 525 76
1768 892 368 70
1769 893 541 27
1770 893 636 80
1771 894 22 31
1772 895 912 13
1773 896 111 98
1774 897 925 10
1775 897 195 80
1776 897 613 16
1777 897 161 29
1778 897 549 77
1779 898 671 74
1780 898 278 20
1781 899 30 88
1782 899 262 98
1783 899 109 85
1784 901 854 70
1785 902 202 17
1786 902 532 5
1787 902 615 67
1788 902 951 79
1789 902 946 46
1790 902 410 47
1791 903 21 21
1792 904 806 63
1793 904 278 97
1794 905 564 70
1795 905 35 84
1796 906 197 88
1797 906 619 96
1798 906 350 64
1799 907 478 93
1800 907 982 76
1801 909 999 80
1802 909 863 56
1803 910 778 98
1804 910 880 77
1805 910 507 81
1806 911 901 84
1807 911 117 13
1808 912 463 57
1809 912 411 7
1810 912 191 53
1811 913 240 5
1812 913 34 42
1813 914 690 93
1814 914 401 1
1815 914 498 64
1816 915 293 82
1817 915 131 84
1818 916 139 9
1819 916 885 92
1820 917 896 1
1821 917 13 93
1822 917 10 13
1823 917 603 38
1824 917 282 33
1825 918 880 63
1826 918 25 91
1827 918 20 56
1828 919 644 44
1829 919 175 67
1830 919 586 67
1831 920 591 43
1832 920 194 97
1833 921 190 93
1834 922 182 6
1835 922 400 15
1836 923 543 20
1837 923 137 16
1838 924 832 53
1839 924 701 60
1840 925 242 35
1841 926 200 80
1842 926 880 64
1843 927 108 87
1844 927 162 20
1845 928 524 64
1846 928 413 55
1847 928 250 48
1848 928 647 77
1849 929 988 59
1850 930 713 23
1851 930 120 60
1852 930 280 39
1853 930 477 91
1854 931 761 96
1855 932 603 21
1856 932 308 72
1857 932 851 46
1858 932 824 69
1859 932 313 51
1860 933 199 32
1861 933 537 84
1862 933 774 4
1863 934 424 31
1864 934 598 84
1865 934 424 58
1866 934 730 16
1867 935 757 56
1868 935 658 95
1869 935 125 53
1870 936 7 31
1871 936 937 35
1872 937 237 19
1873 937 602 15
1874 939 42 55
1875 939 138 1
1876 940 622 37
1877 941 501 75
1878 942 271 2
1879 942 670 67
1880 942 553 93
1881 943 552 50
1882 943 353 59
1883 944 854 91
1884 945 379 58
1885 945 239 59
1886 945 664 59
1887 945 804 22
1888 946 139 44
1889 946 60 94
1890 947 838 50
1891 948 273 22
1892 948 167 74
1893 948 224 11
1894 949 5 75
1895 950 810 21
1896 950 395 63
1897 950 244 45
1898 950 226 86
1899 951 547 47
1900 951 820 14
1901 951 818 20
1902 951 953 47
1903 951 207 71
1904 952 527 93
1905 952 231 87
1906 953 792 31
1907 953 227 8
1908 953 645 13
1909 953 231 42
1910 954 943 61
1911 954 119 97
1912 955 367 76
1913 955 125 54
1914 956 504 59
1915 956 167 56
1916 956 755 17
1917 957 286 37
1918 957 717 92
1919 958 96 19
1920 959 122 44
1921 959 825 44
1922 960 308 23
1923 960 25 74
1924 960 373 39
1925 961 526 85
1926 962 503 20
1927 962 308 56
1928 962 632 56
1929 962 62 61
1930 963 893 39
1931 964 79 41
1932 964 795 45
1933 964 401 19
1934 965 842 37
1935 965 322 9
1936 965 234 51
1937 966 493 20
1938 966 783 43
1939 966 307 39
1940 966 933 15
1941 966 230 81
1942 968 383 55
1943 968 118 72
1944 968 729 45
1945 969 445 68
1946 969 981 13
1947 969 601 89
1948 969 655 42
1949 970 38 30
1950 971 967 13
1951 971 705 51
1952 972 441 83
1953 974 127 49
1954 975 721 58
1955 975 859 81
1956 975 272 20
1957 976 139 49
1958 976 533 77
1959 976 258 89
1960 977 98 63
1961 978 951 91
1962 978 743 47
1963 979 310 49
1964 979 581 57
1965 980 342 37
1966 980 933 58
1967 980 412 95
1968 983 197 65
1969 984 505 89
1970 984 320 65
1971 984 654 6
1972 985 52 60
1973 985 272 97
1974 985 174 6
1975 986 80 16
1976 986 185 10
1977 987 971 83
1978 987 284 19
1979 987 861 29
1980 988 699 12
1981 988 360 19
1982 989 195 36
1983 989 154 54
1984 990 771 52
1985 991 439 76
1986 991 604 5
1987 991 489 31
1988 993 412 50
1989 993 495 40
1990 993 219 59
1991 993 941 33
1992 994 132 9
1993 995 273 2
1994 995 889 25
1995 996 11 2
1996 998 814 36
1997 1000 639 78
1998 1000 932 52
1999 1000 733 51
2000 1000 342 50
